8.59532559065118 0.0251076502153004
4.43701883701884 0.0325080325080325
3.05884091768184 0.0281652563305127
2.36489611916895 0.0332726661813295
1.94280571330855 0.0290477519072862
1.664544 0.0335496
1.47415697078485 0.0288961444807224
1.32036192217153 0.0316345898075388
1.20064440837731 0.0328444269775507
1.10997299945999 0.0359611192223844
1.03961335845343 0.0306685226740907
0.972589490357961 0.03375133500534
0.916037716037716 0.0343812343812344
0.869806405547328 0.0344575925246281
0.826878241904177 0.0408831679485115
0.791453972698635 0.040355617780889
0.766945966945967 0.0324660324660325
0.731914306371821 0.0413035847681106
0.706331103892987 0.0442533241595597
0.683405634056341 0.0443608436084361
0.661858249636729 0.0481348399555574
0.65270593788313 0.0378593300306204
0.629884914936257 0.0415902299701187
0.620218462283153 0.0366613394566246
0.6064267478152 0.0384980854559655
0.590097362336696 0.041925406209749
0.57734848287876 0.0418577860090041
0.562870014350072 0.0422690113450567
0.556411441051703 0.0384644462178168
0.538764587645877 0.0492160921609216
0.469598923930055 0.0434392235495307
0.419784491079475 0.0468742404525827
0.376957814605106 0.0472762079653851
0.300915357667533 0.0657593428385988
0.236349599073539 0.0776631257663006
0.163952926680715 0.0815060101791503
0.138217884754427 0.0763583671093804
0.114372074414883 0.0716075215043009
0.103725793144829 0.0662356558913973
0.0920265501596371 0.0599899176608973
0.0809700316640905 0.0578093251496916
0.0749796746544691 0.053349306938218
0.0673383902638085 0.0497203485441321
0.063511938992374 0.0472559069883735
0.0591759318247052 0.0455580747139944
0.0553407177775844 0.0427197402340175
0.0526836703465078 0.0406448089836397
0.0465333926847689 0.038475334977168
0.0450719328746541 0.0365516234162464
0.0438266567457936 0.0352915056524974
0.042448171371996 0.0340475833308332
0.0388030163715296 0.0324493060884721
0.0375835543448259 0.03177885250033
0.0376999375570392 0.0304961813727845
0.0342129069962933 0.0287825536990929
0.032631702128298 0.0286577590009332
0.0318535644855477 0.0270906501756042
0.0314090310267114 0.0264850898331178
0.0291256543141228 0.0259837464071479
0.0282061444596575 0.0247339722802719
0.0274278102354755 0.0243280056483728
0.0268790186091361 0.0235601025883144
0.0264290429042904 0.022984698469847
0.0253037107587091 0.022303569695654
0.02563803062547 0.0222442677248508
0.0240163078884507 0.0216878104137917
0.0234786104438715 0.0206813377147806
0.022079593839174 0.0203572510929675
0.0217326907440947 0.0193888868331545
0.0213212906635279 0.0188074634125836
0.020719310476583 0.0188204604491264
0.0200596663725367 0.0185049792008068
0.0200385047970893 0.0179791785910126
0.019782514345373 0.0179176658593123
0.0187734848636427 0.0172524460273315
0.0178602396046793 0.0166673167336236
